Transition Matrix tensor([
    [0.0220, 0.0313, 0.0400, 0.0407, 0.0473, 0.0467, 0.0333, 0.0513, 0.0400, 0.0507, 0.0720, 0.0467, 0.0520, 0.0687, 0.0580, 0.0507, 0.0600, 0.0693, 0.0713, 0.0480],
    [0.0347, 0.0207, 0.0373, 0.0393, 0.0473, 0.0487, 0.0413, 0.0433, 0.0433, 0.0680, 0.0547, 0.0533, 0.0620, 0.0873, 0.0627, 0.0353, 0.0500, 0.0547, 0.0713, 0.0447],
    [0.0347, 0.0393, 0.0213, 0.0420, 0.0473, 0.0713, 0.0353, 0.0467, 0.0353, 0.0513, 0.0540, 0.0560, 0.0487, 0.0787, 0.0580, 0.0393, 0.0567, 0.0587, 0.0680, 0.0573],
    [0.0427, 0.0340, 0.0500, 0.0320, 0.0460, 0.0620, 0.0473, 0.0420, 0.0373, 0.0467, 0.0520, 0.0533, 0.0620, 0.0673, 0.0567, 0.0387, 0.0500, 0.0620, 0.0680, 0.0500],
    [0.0540, 0.0573, 0.0487, 0.0400, 0.0407, 0.0407, 0.0367, 0.0393, 0.0433, 0.0587, 0.0653, 0.0580, 0.0553, 0.0587, 0.0667, 0.0287, 0.0393, 0.0620, 0.0667, 0.0400],
    [0.0540, 0.0573, 0.0487, 0.0387, 0.0467, 0.0273, 0.0353, 0.0460, 0.0360, 0.0487, 0.0513, 0.0573, 0.0520, 0.0780, 0.0593, 0.0373, 0.0567, 0.0600, 0.0607, 0.0487],
    [0.0493, 0.0433, 0.0540, 0.0400, 0.0593, 0.0507, 0.0347, 0.0440, 0.0273, 0.0513, 0.0407, 0.0573, 0.0580, 0.0707, 0.0653, 0.0313, 0.0540, 0.0633, 0.0620, 0.0433],
    [0.0560, 0.0560, 0.0513, 0.0467, 0.0387, 0.0460, 0.0400, 0.0227, 0.0493, 0.0553, 0.0487, 0.0553, 0.0513, 0.0720, 0.0513, 0.0440, 0.0513, 0.0533, 0.0727, 0.0380],
    [0.0460, 0.0427, 0.0627, 0.0460, 0.0433, 0.0600, 0.0373, 0.0580, 0.0367, 0.0427, 0.0573, 0.0613, 0.0540, 0.0693, 0.0507, 0.0340, 0.0400, 0.0613, 0.0667, 0.0300],
    [0.0593, 0.0493, 0.0580, 0.0460, 0.0493, 0.0547, 0.0380, 0.0613, 0.0373, 0.0253, 0.0527, 0.0493, 0.0507, 0.0773, 0.0380, 0.0393, 0.0407, 0.0680, 0.0600, 0.0453],
    [0.0580, 0.0473, 0.0567, 0.0373, 0.0493, 0.0527, 0.0513, 0.0533, 0.0407, 0.0420, 0.0353, 0.0413, 0.0433, 0.0820, 0.0513, 0.0380, 0.0440, 0.0727, 0.0533, 0.0500],
    [0.0513, 0.0553, 0.0527, 0.0353, 0.0407, 0.0613, 0.0473, 0.0527, 0.0347, 0.0720, 0.0487, 0.0273, 0.0453, 0.0793, 0.0480, 0.0293, 0.0580, 0.0480, 0.0580, 0.0547],
    [0.0640, 0.0467, 0.0600, 0.0533, 0.0527, 0.0533, 0.0473, 0.0493, 0.0453, 0.0507, 0.0500, 0.0487, 0.0320, 0.0593, 0.0447, 0.0373, 0.0427, 0.0600, 0.0667, 0.0360],
    [0.0600, 0.0520, 0.0673, 0.0560, 0.0393, 0.0553, 0.0427, 0.0500, 0.0407, 0.0533, 0.0633, 0.0400, 0.0367, 0.0427, 0.0493, 0.0520, 0.0440, 0.0580, 0.0453, 0.0520],
    [0.0567, 0.0380, 0.0573, 0.0580, 0.0520, 0.0593, 0.0527, 0.0487, 0.0327, 0.0547, 0.0367, 0.0620, 0.0413, 0.0493, 0.0493, 0.0353, 0.0387, 0.0627, 0.0600, 0.0547],
    [0.0420, 0.0560, 0.0433, 0.0440, 0.0480, 0.0493, 0.0420, 0.0600, 0.0320, 0.0413, 0.0647, 0.0373, 0.0480, 0.0653, 0.0653, 0.0380, 0.0460, 0.0587, 0.0793, 0.0393],
    [0.0520, 0.0400, 0.0633, 0.0460, 0.0480, 0.0567, 0.0380, 0.0567, 0.0347, 0.0420, 0.0487, 0.0533, 0.0527, 0.0700, 0.0573, 0.0367, 0.0260, 0.0640, 0.0727, 0.0413],
    [0.0547, 0.0527, 0.0580, 0.0547, 0.0500, 0.0580, 0.0387, 0.0447, 0.0367, 0.0493, 0.0333, 0.0473, 0.0600, 0.0587, 0.0527, 0.0507, 0.0493, 0.0440, 0.0667, 0.0400],
    [0.0587, 0.0440, 0.0500, 0.0460, 0.0527, 0.0560, 0.0373, 0.0560, 0.0473, 0.0413, 0.0493, 0.0487, 0.0520, 0.0873, 0.0520, 0.0433, 0.0427, 0.0693, 0.0293, 0.0367],
    [0.0553, 0.0533, 0.0587, 0.0367, 0.0413, 0.0540, 0.0493, 0.0553, 0.0367, 0.0533, 0.0593, 0.0447, 0.0487, 0.0673, 0.0440, 0.0360, 0.0387, 0.0613, 0.0720, 0.0340]
])