Transition Matrix tensor([
    [0.0268, 0.0353, 0.0837, 0.0709, 0.0692, 0.0568, 0.0752, 0.0423, 0.0321, 0.0416, 0.0412, 0.0331, 0.0287, 0.0387, 0.0695, 0.0324, 0.0284, 0.0663, 0.0707, 0.0572],
    [0.0263, 0.0281, 0.0756, 0.0620, 0.0663, 0.0615, 0.0692, 0.0411, 0.0447, 0.0428, 0.0388, 0.0340, 0.0388, 0.0365, 0.0703, 0.0405, 0.0319, 0.0691, 0.0717, 0.0509],
    [0.0493, 0.0631, 0.0255, 0.0600, 0.0441, 0.0619, 0.0628, 0.0417, 0.0483, 0.0425, 0.0385, 0.0453, 0.0428, 0.0383, 0.0721, 0.0505, 0.0467, 0.0356, 0.0711, 0.0599],
    [0.0491, 0.0597, 0.0640, 0.0331, 0.0548, 0.0404, 0.0404, 0.0581, 0.0472, 0.0407, 0.0424, 0.0405, 0.0423, 0.0425, 0.0713, 0.0512, 0.0484, 0.0664, 0.0569, 0.0505],
    [0.0436, 0.0651, 0.0483, 0.0451, 0.0261, 0.0577, 0.0608, 0.0535, 0.0444, 0.0477, 0.0408, 0.0412, 0.0427, 0.0460, 0.0741, 0.0501, 0.0427, 0.0473, 0.0697, 0.0531],
    [0.0480, 0.0693, 0.0688, 0.0548, 0.0628, 0.0277, 0.0305, 0.0644, 0.0507, 0.0355, 0.0401, 0.0448, 0.0385, 0.0471, 0.0636, 0.0513, 0.0467, 0.0661, 0.0556, 0.0336],
    [0.0464, 0.0708, 0.0701, 0.0500, 0.0601, 0.0313, 0.0223, 0.0584, 0.0525, 0.0327, 0.0392, 0.0453, 0.0464, 0.0501, 0.0597, 0.0573, 0.0540, 0.0591, 0.0539, 0.0403],
    [0.0359, 0.0520, 0.0552, 0.0679, 0.0643, 0.0612, 0.0644, 0.0296, 0.0441, 0.0509, 0.0391, 0.0368, 0.0348, 0.0339, 0.0767, 0.0333, 0.0343, 0.0579, 0.0739, 0.0540],
    [0.0303, 0.0628, 0.0735, 0.0715, 0.0648, 0.0611, 0.0648, 0.0520, 0.0283, 0.0449, 0.0393, 0.0288, 0.0292, 0.0375, 0.0688, 0.0356, 0.0263, 0.0575, 0.0732, 0.0500],
    [0.0489, 0.0700, 0.0668, 0.0611, 0.0633, 0.0461, 0.0463, 0.0589, 0.0464, 0.0304, 0.0288, 0.0443, 0.0433, 0.0477, 0.0600, 0.0560, 0.0499, 0.0479, 0.0484, 0.0355],
    [0.0396, 0.0597, 0.0617, 0.0707, 0.0640, 0.0559, 0.0673, 0.0539, 0.0361, 0.0324, 0.0311, 0.0388, 0.0388, 0.0443, 0.0675, 0.0427, 0.0457, 0.0417, 0.0628, 0.0453],
    [0.0328, 0.0644, 0.0805, 0.0668, 0.0643, 0.0628, 0.0699, 0.0523, 0.0284, 0.0461, 0.0347, 0.0280, 0.0277, 0.0285, 0.0653, 0.0397, 0.0263, 0.0623, 0.0703, 0.0489],
    [0.0279, 0.0533, 0.0764, 0.0724, 0.0644, 0.0667, 0.0645, 0.0452, 0.0281, 0.0464, 0.0421, 0.0287, 0.0260, 0.0337, 0.0741, 0.0332, 0.0299, 0.0580, 0.0739, 0.0551],
    [0.0343, 0.0420, 0.0699, 0.0683, 0.0636, 0.0651, 0.0715, 0.0313, 0.0409, 0.0407, 0.0448, 0.0411, 0.0313, 0.0308, 0.0739, 0.0287, 0.0312, 0.0621, 0.0751, 0.0536],
    [0.0433, 0.0671, 0.0672, 0.0561, 0.0573, 0.0485, 0.0539, 0.0657, 0.0492, 0.0388, 0.0352, 0.0412, 0.0415, 0.0409, 0.0240, 0.0555, 0.0397, 0.0673, 0.0591, 0.0484],
    [0.0277, 0.0451, 0.0763, 0.0715, 0.0685, 0.0636, 0.0705, 0.0363, 0.0331, 0.0479, 0.0425, 0.0325, 0.0253, 0.0299, 0.0773, 0.0312, 0.0309, 0.0651, 0.0725, 0.0523],
    [0.0293, 0.0511, 0.0733, 0.0663, 0.0631, 0.0601, 0.0695, 0.0380, 0.0297, 0.0477, 0.0412, 0.0324, 0.0289, 0.0317, 0.0768, 0.0340, 0.0280, 0.0615, 0.0795, 0.0579],
    [0.0473, 0.0643, 0.0412, 0.0645, 0.0519, 0.0637, 0.0653, 0.0513, 0.0433, 0.0372, 0.0317, 0.0397, 0.0413, 0.0461, 0.0771, 0.0524, 0.0439, 0.0244, 0.0625, 0.0507],
    [0.0499, 0.0660, 0.0723, 0.0552, 0.0614, 0.0394, 0.0456, 0.0623, 0.0480, 0.0347, 0.0408, 0.0467, 0.0453, 0.0502, 0.0560, 0.0566, 0.0500, 0.0641, 0.0267, 0.0288],
    [0.0450, 0.0628, 0.0762, 0.0543, 0.0758, 0.0367, 0.0503, 0.0620, 0.0463, 0.0363, 0.0377, 0.0415, 0.0407, 0.0395, 0.0593, 0.0583, 0.0500, 0.0612, 0.0310, 0.0350]
])